4294967279,102
4294967279,100
4294967279,98
4294967279,96
4294967279,95
4294967279,94
4294967279,545
4294967279,91
4294967279,89
4294967279,563
4294967279,87
4294967279,512
4294967279,85
4294967279,319
4294967279,84
4294967279,542
4294967279,77
4294967279,76
4294967279,75
4294967279,314
4294967279,73
4294967279,331
4294967279,71
4294967279,69
4294967279,66
4294967279,561
4294967279,65
4294967279,63
4294967279,62
4294967279,60
4294967279,58
4294967279,57
4294967279,56
4294967279,55
4294967279,54
4294967279,53
4294967279,48
4294967279,44
4294967279,42
4294967279,41
4294967279,40
4294967279,36
4294967279,33
4294967279,31
4294967279,28
4294967279,26
4294967279,25
4294967279,20
4294967279,202
4294967294,120
4294967294,395
4294967294,396
4294967294,413
4294967294,407
4294967294,147
4294967294,179
4294967294,385
4294967294,403
4294967294,406
4294967294,168
4294967294,109
4294967294,169
4294967294,410
4294967294,405
149,5
149,4
149,3
149,2
149,1
4294967279,191
4294967279,190
148,5
148,4
148,3
148,2
148,1
4294967294,388
4294967279,311
4294967278,399
4294967278,346
4294967294,393
4294967294,46
4294967294,115
4294967294,468
4294967279,307
4294967279,306
4294967279,305
4294967279,324
4294967294,2
4294967294,1000
4294967294,1001
4294967294,186
4294967294,151
4294967294,0
4294967294,390
4294967279,332
4294967279,0
4294967279,560
4294967294,17
4294967294,99
4294967294,76
4294967294,41
4294967279,304
4294967294,107
4294967294,42
4294967294,1
4294967294,91
4294967294,90
4294967294,87
4294967294,86
4294967294,85
4294967294,84
4294967294,419
4294967294,150
4294967294,149
4294967294,29
4294967294,128
4294967294,28
4294967294,1017
4294967294,26
4294967294,53
4294967294,1419
4294967294,45
4294967294,427
4294967294,44
4294967279,539
4294967279,303
4294967279,166
4294967294,22
4294967294,96
4294967294,94
4294967294,9
4294967279,164
4294967294,8
0,7
4294967294,471
4294967294,142
4294967294,1018
4294967294,988
4294967294,12
4294967294,83
4294967279,11
4294967279,10
4294967279,8
4294967294,7
4294967294,6
137,2
137,4
4294967278,353
4294967278,51
4294967278,310
4294967278,297
4294967278,45
4294967278,370
4294967278,44
4294967278,351
4294967278,42
4294967278,294
4294967278,37
4294967278,350
4294967278,35
4294967278,369
4294967278,30
4294967278,347
4294967278,28
4294967278,306
4294967278,27
4294967278,303
4294967278,21
4294967278,285
4294967278,19
4294967278,284
4294967278,18
4294967278,287
4294967278,17
4294967278,394
4294967278,16
4294967278,283
4294967278,15
4294967278,398
4294967278,14
4294967278,368
4294967278,13
4294967278,282
4294967278,12
4294967278,0
4294967278,260
4294967278,266
4294967278,11
4294967278,6
4294967278,376
4294967279,128
4294967279,121
4294967279,119
4294967279,114
4294967279,112
4294967279,110
4294967279,105
4294967279,104
4294967279,103
4294967279,101
4294967279,99
4294967279,97
4294967279,93
4294967279,92
4294967279,90
4294967279,86
4294967279,83
4294967279,82
4294967279,81
4294967279,80
4294967279,79
4294967279,78
4294967279,74
4294967279,72
4294967279,70
4294967279,68
4294967279,67
4294967279,64
4294967279,61
4294967279,59
4294967279,301
4294967279,52
4294967279,51
4294967279,50
4294967279,49
4294967279,327
4294967279,47
4294967279,46
4294967279,156
4294967279,45
4294967279,534
4294967279,43
4294967279,39
4294967279,299
4294967279,38
4294967279,531
4294967279,37
4294967279,530
4294967279,35
4294967279,287
4294967279,34
4294967279,32
4294967279,30
4294967279,559
4294967279,29
4294967279,27
4294967279,137
4294967279,284
4294967279,283
4294967279,24
4294967279,295
4294967279,23
4294967279,282
4294967279,22
4294967279,21
4294967279,268
4294967279,19
4294967279,266
4294967279,18
4294967279,294
4294967279,17
4294967279,278
4294967279,16
4294967279,527
4294967279,15
4294967279,557
4294967279,14
4294967279,276
4294967279,13
4294967279,575
4294967279,12
4294967279,9
4294967279,7
4294967279,6
4294967279,280
4294967279,5
4294967279,526
4294967279,4
4294967294,989
4294967294,992
4294967294,30
4294967294,134
4294967294,143
4294967294,140
4294967294,139
4294967294,990
4294967294,987
4294967294,60
0,5
4294967294,437
4294967278,161
4294967294,50
4294967294,424
4294967294,43
4294967294,417
4294967294,51
4294967294,52
4294967294,472
4294967294,25
4294967294,1016
4294967294,27
4294967294,93
4294967294,95
4294967279,161
4294967294,67
4294967294,92
4294967294,88
4294967294,81
4294967294,202
4294967294,82
4294967294,1415
4294967294,11
4294967294,68
4294967294,5
145,5
145,4
145,3
145,2
145,1
144,5
144,4
